55072826373622488702
93685805159712212619
61598242350895265232
86194746160050389392
31313521429727051898
37874687877601230098
67887520982038976917
10111906735330588669
71264569705456628178
28656830873395225021
66002893526257211272
42404206014896039415
64317620965595147953
50175484729128617432
83422377714087623280
27740153690925424869
78371970913063101256
54521433482442503999
80296216030136692499
16445112383813571645
53139756340138797794
61655084078172580781
52355219363956294201
40130529880124033735
99832038915386327103
23403656833856975091
92171939407348408336
10517663551307346768
42391296954653317204
44165254106813640772
49247006238313241878
72083510470384244583
47078037535800417406
23430136639513867619
00547797935629520306
26970446431133461565
62260753995744106925
99008720534148918044
65132916888913952987
09234147509003264247
94689204321709040997
06468925404227652675
97247386414143852562
34889065039196947322
29919122102162817414
52600838741479791681
99641506724519198974
18954721089012012394
92847090135087737012
91332022386432243466
69437889021718770885
23636985359468162187
53949991947005044243
81123661347389037872
22785444338366022127
42455206062649698325
19108650083465493462
48946360964611696210
04863932465112090979
64811419014340267966
89152276859470365670
61173725711530732178
58098527721908818857
53634153944507622655
81111083452112766884
30010075624497873162
02254476012336590984
47181805541482619361
72056691566938427546
45592873738463368146
81530629879175093084
10503660022722698051
43511803748000359174
16359079039914821444
23790344323875020945
80023824275208619529
55599144143177984374
00051736820661845002
30776822490269366057
15311414589713537251
26333750725147032477
32018775483817289896
67397517109828013544
16489737457960536689
06468291839421968698
09194941511557737206
28046893576519366275
28653474936598422546
56959188222376749734
88630114842450738699
16288311746343654587
08931921239228755270
25280049126153403419
73616933574203845036
22420932206317043018
69115880760879967093
31762292826720359260
30383312778384370180
44350839661505929441
27026673241461174664
02557270744826752684
13243366136921623306
99685397433128640839
18380179912648918696
23981599307444744512
10846861469902936334
88445279312080961950
74168548238443243328
22812807975714822970
01960608770106905140
45693437208345927299
44983230373825206770
95046790188628242041
56713143340287104717
56651725093945434757
86477468040243167385
95739083862195338382
78528241538011755309
18939033184414736217
74034131154078283371
85154910822890779934
84916160254400314132
71052478404547333412
27907449152137316001
81913825269713368198
78162260153711666035
35982017500321166527
91425545738756085044
47031387207462710800
10129275191645043568
75436470107566499724
21587032021751707609
21196959591024073211
89003059612370788104
72234796333432382738
86876175205446625240
76633235355592388779
12696925570113112167
53954007638842199632
08553618765206512076
35772658646261249504
41246471290786722317
13355202675319139235
27209513100116328129
30226924017912630378
95796927597973050918
51396051982402365243
86875032563700850593
72299759295539163803
74154624180291885247
28367357937368220989
19541590267888721144
85914984223528615581
00466197406156969027
02751735424747212147
57385994924761072414
37780679010175262190
34957467232911340517
20017654063869949248
17981466183939037833
61536811414422139268
71105648809486635132
57895557354549664080
55065260768710449181
91845197166601202717
54066709967724610274
93080921997438205422
04468195294237512725
72756425786213386314
43799200770675872372
21791095914965465652
76479845651356950084
38130214999657218137
08949372908618215970
70404355330409505573
32010168043516670311
92340013660856355550
41093305197189530597
79189010004358490196
01549754409882634972
05526587415118089831
28979790549993022395
86929951724196100297
02004470607021434945
32867373029022225109
34352398563745716361
97445382439292585914
48524291710222380138
45895575474816716080
90244521569291041767
01449753481006560643
71493505939790599448
58139935298744974341
11890374815382457716
51605360895120097841
80153657681049853855
58780583274095572541
13171797559656254383
28184902321688437591
62302711921910978754
84749039290393478311
90628039560908323474
07901083810096156531
73407253725994075629
92914196405355212197
53385986655685023728
12016779628897799470
89821714002781814332
82537305683393990178
17063556359096576811
09929402988681359676
35441155254296224531
04570382395165579263
72085697383163910386
98711980666671544777
16502691891112800730
34785479304712988096
06354876759317404629
88742759111081550432
58245586922993888740
36676255254672718071
64415036025538342643
03551346492456801465
05135734895977528914
79429081598214838356
99239607138914563801
62157028128253752133
25706899363727773702
75933825807404880905
77001149940522666232
31705207294766976762
38527676167489919615
75238441912021421657
60565239345172859044
43068937799540597392
81364997351893658282
89924990642015720899
84101960615378224272
22316295984528912364
09220298444817006209
59436564105777854558
55761503060476907963
76643302428496990760
22265555292243594062
36379141167737887258
33423507912698427729
46125767716337142444
41444167564874850928
31017805014407820111
27671425537837768755
65978807719108470049
75868020405144696174
97374613790996322044
42121118490458457568
68551760823600095052
04952630681595828814
61405841322892989571
88927434009830749603
62881670217591022209
99249619463196769269
73351240784290949095
32136201020054508955
56669736105874754809
94411868553828792435
95418442677318033760
36346974507597344735
98723037405851554194
20616761629880066427
84151180573412906257
15281428038040714350
86659575200935046695
81364897969455041710
99588600334427745318
02669061647219941579
29546163040310093080
88205794518202612193
04752840698903552705
27431605206906375557
20375774983098660343
55098174886969791262
59114789152227996780
20011922448868195175
98753818190861367692
92784215521758544213
42272502741101340234
39775490562631190388
35575794469496448306
77002677759006734830
49670837748959990600
53038607276353070682
64493169090144944685
52171296104757718916
82769620849627786415
26640125664130076329
24986847653701624469
72382701837341379511
31804708271464371805
64079366631948899029
37527873307550292989
99665745725434485658
67229392269613811431
52988075034190071294
69405249109392684024
67560486852148128450
22018609638760522236
63885777587840124371
03474991254336236862
64395230731664028320
12348071497192437370
71478058722247076905
45451165818750861874
62042864760593182054
48733858299458561476
57417384646389181087
63019556515550378824
96200276633788717989
90868854306943036211
16691274511660182365
84097257440151963357
29278069596571619195
95492926963723628043
22766147201502645466
87566622151287890237
58712545247320165845
46432621483578353467
68012971400606573476
84771053856717019264
08872881564775933279
09774392146002563005
79052091182458238148
26958953364146581478
64567036140984634115
63264629846970038440
86850054646923048064
83353227092944907854
50711111790464644431
66271875901883185795
57036054832058312968
51851411548456778787
46589559486197351064
89158613321509901972
24239485117347256982
80386593389993418294
42572140410054964630
88677497520685211300
20369845699432561367
35028438828058584310
12214625997699596370
44468781208294121844
31108674129664239350
22636263857548855823
49589720324659368469
52219250165922252565
37174426600911766334
63223144447197690436
92211751500731382415
11233244081989010224
22392143122941962038
89632771114841783752
43650716058055150380
46916273295050812772
49904862694075345016
13067513097124438672
46277616039909669775
35848249458446247042
58345028473544127772
55534080414852050117
44708460850677513780
83911605130174951398
22805101013798261075
01664870226639416714
17463430777169865918
19874357802998884714
58904808545823039223
89643883834943428786
58316997095047836191
35581895053648697817
22171862896241884109
02011997653120440466
77277810732889529320
11403533191058822308
15623830705229409353
40698753841530016565
70956240715293464766
57423749446289136856
01844462048247068314
15562500915086386469
73947002634389014812
26995132951798884334
45498324890979429656
95573186010418265882
56990487908795255005
53132508569760285802
63268040057798272947
66762560381852645789
86590656900029124384
70232127714172212019
06413212160012535528
94091995693434748786
95503591825286855385
35957869138808036970
39615792195544908732
18088964888967161702
89918515303105847826
45664035627590486555
00188566757923746580
74252658632137511964
48650979474458845903
59778998100455526427
42197284092987044891
15267489568380078323
53124213615308818062
81141954713456487606
17931791968005507919
78364479820274006402
61248930569710017398
57330645274065793868
68033329664147173563
50203353514016647557
85993677074865097642
76181882811580276513
67782620268990760614
21261782693096336634
51859050758997289811
00085188738943030638
00715810194092154182
90711543914019607974
98958616673476376481
80446707383307097419
50775258135996535942
47895148205836462541
45944434509099269167
54221834922959612521
55037575587710005478
50957583951077743067
23911983169704813701
82241772724087175403
58696389894827036687
06084478781918985920
41891952027082318747
81917394324711379967
04921681511706716766
58665058939877072286
60230313882792627044
34827243469975918026
46736490514731856284
51158670201909903001
51851776676859768558
24583994836622578638
58543983365601664419
42388554632715755384
89356171475522950297
01308387399275165688
95911178543019282637
48348385418195097302
71984722342030607370
10620762238718884566
80720405519291340203
01420643533820939318
27689698419277227880
42960835669090592276
21975865023794214806
19637564521045985514
96197155732771347681
96812390983394211616
46254579048990517149
23935292316722143991
67014126888116887637
92685356172048958436
65254737981891984317
78000615852245210885
95414522209028963341
02612528072175289468
48867114125271502502
15117634591308481578
41556939795017204988
64876021074025717051
73531118975476233886
70395591727444694744
74231320124535001768
47385639829521604669
95189692787117701559
49303294549968900175
65330615588842313177
75328169855018264905
24082886905381480009
66105533357761299110
59752853172097412586
15851709710625247166
60886172725409805978
76345847958806590420
01547225309916350441
15762877275303690096
36477009429839944199
41217760017223840071
02638891097003349679
57049913089680880326
18919274531075219983
65529395954095912071
74047148935105362982
39591938316753713636
78928137461971490713
19816804121934291581
50860392600499628760
42517758999342250741
13834235126617489241
56059849883558280446
15187935289225638191
82484815464498894568
55759147865711762391
82681509485919170014
65848070028678201457
85348980493819762726
25701213177630519722
68519364044365341245
64163672273891811835
22907001097985504358
39063153844372665671
51075118035638937053
43567091652017239392
50188175136052144735
93941008922766571113
90087710882083679023
10618535387588192863
24119150652433741469
90291252442449934471
53652136488105810986
61766266148988383982
48515240283762300246
41592740700497205423
66129085374059478255
76676356598598700299
39547168607619823927
47959363188264631873
85263720734345732788
70201992770142930707
86038168788125476034
94260988724023782443
24849817279149226513
36821565496537343089
17012373194828808144
61611115855312906539
10506172187170185401
76916294850690014222
38672895549106214299
77600132446529534250
01967309687314809355
97792468290972942506
60517625648893161464
31135963029193590549
04234888472873012164
71380300941471574615
05473187535102286999
72917013498935549641
54970103084976151026
50366887134603812842
41373917797114314840
74108163381507795288
72427831797664399474
62601990927072466827
68835246488679228159
82927104006275646070
59178994871622036904
31594160940961418135
83968284975578715716
70753894657223703810
75631194701306499156
33730055354160731011
49157995305917856009
93373977233940710849
59293019495601885711
54594667029108819760
83094276436306881419
69518287941098438305
91498307721483260829
54190601077280403155
99346422951695142789
59370367747664508125
25585612304285124972
26564358014053757184
81547547882684860871
74116331640161233218
41519199394750981527
93308680938157953232
41281278414564933227
38513931852010400650
22292887078116329760
65565371425013792533
22278788906177375070
86179365617395741541
26901026114949038495
45359757147254402522
00683750651759623467
31401296970437907165
92936175883511220348
85508486571732485019
70223038370268263770
04891820352620681076
58527987411579393520
69491645830859912153
72134522681093367528
52905469950662700656
05038734426557507295
14996100937745122570
41134275563344345672
54806778874537405967
98888921649064171139
40749317462327076557
71023228729931837347
34123521016392255217
53840950972162468136
11617762670493238364
98895518185626538479
31464019256604416601
32938922952780743254
96108157072431835410
04503091469594171634
22460780084996606355
61803002327409155756
07355922963038397853
69675828573474901561
02332555940010632639
75457846693644120534
96672002281536428801
59446875631260540688
44398721281768110072
83349201196058439356
66790253388124469959
10738068725722891627
85422701284217191783
15573505258958239996
02939242608148827146
04772996658268139385
19575174701910027938
68359185811972763596
12239011135793517115
48980989354025620022
06227703758512595711
45820695896290768335
97868300475333107414
61263350806571791255
37601931580169986777
65991043313053613868
52776435652324348011
63430544325970882898
76761175517880114886
59712652841690163812
31465539973529280691
06402446299584959962
74200126555991301799
30941764747175134464
30288204504655159374
15045286383470515837
49807894049328391093
64364235989570382002
39587765732999858502
44197943669532729480
82400391599073426832
31625952492070044050
09056374171283394035
13107907359353304652
96787678258685928910
62634893681141054547
44485762609472612581
05546009880332944930
74610735951931164269
49108278925464596453
94061137047978452798
65290860807174796121
48484306617222017525
54841458093474266159
09445303665712068120
29277145267487013715
29058779986112643130
01694696408968658722
42035777333429060046
34941447769371299148
81092434471254886591
02754811686847203216
92473690145604043251
93027469660493367975
94687204274619159357
21442184324285455466
93535674765282168175
89352984706330825276
61904196430534631172
02402286842159416564
96963939838713774163
96818309506552586633
68304591835714215279
27712886150137347136
43529791078035238314
45771244109417792544
01895621368138348563
45904019309616418592
40373091799817006070
00026938557178080099
94918160841455820416
06677349429793653720
90333431727743243146
02765885641213509748
14988443537380552079
53533622053018211213
77123612268134493816
04675478080852201291
49712040227618626029
93392614640434371787
55669767150358646392
24473274296322609628
19900232866437980818
52454578057381456797
67769640706651217747
83195716595587366062
25621258599125602984
83301572435968277631
93384359223255067158
12475362501514808958
98181373103961752692
41474321143676482515
06994560505598863514
40116538334271056834
06339290999482479101
99949423328462993733
05971145990047331663
40003043794968118761
67672393312686181078
31963801249969737109
03242560377000658737
72102446660757834665
71597932391223570233
40074694489092318105
30006801377050289027
84321334291030596927
09102534711054345449
63716026556317019622
48437591911612836562
41636623663569764577
97926626141340834663
86165750777340044166
42963515635119435010
30280896693481639574
33928316843847486078
99107109078372220449
04475962873588759371
10115818032171783626
06259481612116576935
58413954945847928232
53124664452372727758
68868370704790419867
36011576970640696755
07228972501967624273
71674301732023745750
25275645569830550291
61553706075802284650
11905867501406789817
29532743039587319735
89642286525920947393
67618498446648680769
84677090475811655521
67968768726270028355
46663705792036203500
91862282882988501532
17051261145664764524
16601882949109240820
49501670552600169283
23966221210218963043
67346773567848267535
70861794713093423713
07516850002561624771
48474923027103776376
04478443036541447441
97356446681174882062
15282460588208731391
64762465683983061138
95432281676310020277
57355153575123842971
46004778555106671701
85324740285077949170
99175905056626763312
71655332861006081623
42109207014736881876
97748918081932486672
37102653847437761059
00657163504916408469
93297285983135687050
04036007037700741694
92870317636926559567
76003113776119258947
05631251452615300924
51630590698733635258
26764557186216824758
42277225847568100816
20908883986410205100
10902170189512579677
35470144121910990930
42548571322449444685
31817231087307263866
28286107783938860877
88078748588125155459
96762250392500205701
32916006105417740527
39589808803714383446
21782195813537506365
43978148648018481735
98081832860241567328
62590134422975570228
03369777181743386448
92226794927157345969
87692998580874550740
87781993535239821437
33946213137302216412
79563018677940620095
46441562638446661485
98501353380396771767
91359405243936886862
63133379815139618728
47887107326142501499
95214596014359619485
62571675001516298501
49202423330419317440
57469888204997096792
69046144763698905249
18968653706397441426
31366066374415843196
06885225595372324201
02352679689708396030
87119679062173603122
21816099304976364255
27235816766612949041
18307783183293124600
15796795455864661434
77778155001775692321
15345195777646912486
88454678259592697606
99550284690648964510
39560553782407970693
64726335165998318281
16946570849812822275
54101523555657431430
69756009863238275088
04802016975284529535
64687486967169591670
07437088458318231769
26678124013799384563
72541969015712180277
30315393880990633247
68478513106482357587
32005273604878634784
92147988279698154882
01129066786320481818
25332822340239956297
78904119478312784346
83018929908519608307
41316498140301763533
81029042284157165585
93407778083542410994
73776727813774507599
40373833496684122401
88236586449546840723
72302370437660077690
54077766893786028015
73703717511076671290
90006428706111120427
66422038338839541284
18141937136465604187
04409383388349405235
92884726858074288233
11179447658982235394
87993783292955463273
23549689339359989832
42043882273358014789
63019732362808225437
23846466368036615034
38184268280910364405
70377304182025977050
35739339536786576470
63393974098206832528
42570856747279461888
70623702915298190839
66564041168547438650
53833095134215953880
31131388482879470244
72107880927377613699
37436283925897840579
10244548116196076456
67502897600754899468
79275289383330431916
84574784586430119431
