81748979487764535056
54597658277834781666
54311958040319754072
58702798345072208625
30336353753085524177
09172173309569792603
85012329196010697231
23200315331661825759
78038817856331240487
23216473492617211744
10896650978411715603
76852883161925193330
97748119059897196006
41727830226452425454
02340630276883276758
17119948742671233995
45526495951316433232
91109892321742918016
48888915679587219103
03854397297679303608
39113317197015273716
28022653435571806485
57440520254411543000
68722234618756390868
16076197331295558023
15681671283826796119
78486414004877422681
91442808699582812712
91695128252733161910
93914568212612291816
23571696980920523182
80276643787741383436
49260834784459699909
03973125393264634688
86038454315002998551
11665621956351633828
80988389385551456809
24697907236629249182
90356152737968485791
78935533717330223404
95542852352019204581
31255399116023053480
23751851831321515975
95002303503509216268
93149290223743382942
67404640088404316211
42676874090737012314
44250021164808928110
15851993539769959664
55740332821558263856
05270249266824236449
21746508840482508125
48103793566427226803
38542136044416878787
13508389175038606003
80639182392593046012
09472587348175211875
19721993160557358555
52736743084375867136
85501119334177637432
83310785078177873090
28209293494949560234
26130758819046394455
97389510225556766797
11759361039916653043
52397960161559846945
84092967929612126645
21095458070414464983
94801930041347201582
66785957322600434832
68804558006655388638
86850161097345599222
64957355178042192980
09995273782724639369
87827419356573052515
26682326422259993850
68193502125251418728
26546824004510211460
35052359130777173270
41361969029756972771
23671765031286735207
85778185103438453674
97125270883284001620
86032744939119070186
40682060336731686326
66983862054486597784
20191712241206114650
35883593164616328034
23912048466351378372
16274638134819743021
33193782473090423967
30484806221570761830
26981805035459064222
37329131714379596608
82469836047108004004
31479579772497224478
70485728465715383659
84101415840889200355
09221375894876285169
75166199192319312170
63493347404884408101
33547173117439499769
89348061104955963093
20857857712408365483
86940341119167802119
91984404505619736188
50984333483446586771
14885733997164607080
93478267832922227191
47520122984588207395
11938555892333313367
82643249238246172745
84086414119687493405
52960136392811621890
00555497196244172930
81227719083079469584
72248538382494214772
62506308074211866872
70447543072735099776
35262770928826784684
39998877810195948021
03758574620025582393
98703977598432087776
34550168106460081561
45857725978837427823
28264220768798183302
45696670657309557877
49074109912146771942
88980515361697028700
80047576894973220364
07356138526922196402
94539314588975945796
92407766813530979146
29916917854534663142
33966254914358305952
70327129189809780082
86704555741480471002
38252745874964934167
16216305234506374127
02991999277604819349
32254216234480431850
45538846636615662237
83982113751440114922
02169496933677761398
68123812614357413727
20311240069864114941
99633413717871060159
98911710627477856581
09343525873780611298
